---
Name: map_3_objects1
Shader: 16775874381677145436
Parameters:
  u_AmbientLightColor: [0, 0, 0]
  u_AmbientLightDirection: [0, 0, 0]
  u_AmbintLightIntensity: 0
  u_DiffuseTexture:
    ID: 1849558421588353018
  u_Transform: [1, 0, 0, 0, 0, 1, 0, 0, 0, 0, 1, 0, 0, 0, 0, 1]
  u_ViewProjection: [3.14510965, -0.0546683818, -0.0302377529, -0.0302317087, 1.17230625e-08, 3.3585639, -0.436132908, -0.436045736, -0.105715252, -1.62642634, -0.899596453, -0.899416625, -4.61462021, -23.6695805, 97.4280243, 97.6085281]